6.55
8.8
6.45
4.8
4.5
7.4
1.37
5.1
6.215
5.85
3.95
4.35
8.3
7.5
7
6.55
7.45
6.4
7.3
6.95
6.85
6.85
7.975
5.9
7.4
6.85
4.45
8.1
7.3
8.38
3.3
8.65
7.88
1.65
1.215
4.8
7.1
6.595
7.65
5.2
6.3
3.85
3.8
2.4
2.3
4.91
6.855
8.1
3.93
6.25
7.6
6.3
6.35
4.75
1.2
5.4
7.995
5.33
6.6
8.775
8.3
7.705
5.8
4.55
5.6
8.15
0.5
7.75
5.25
3.55
7.05
4.5
5.275
7.6
5.65
3.3
5.35
7.95
6.95
5.1
8.35
6.4
8
6.35
7.545
8.1
7.875
5.85
8.5
5.575
3.35
7.4
7.2
0.85
1.335
7.75
1.1
7.275
4.85
3.2
7.75
4.5
4.2
4.4
6.45
4.15
4.05
5.95
7.1
3.8
0.6
7.725
6.7
7
5.55
1.3
7.3
4.55
1.3
4.5
7.91
1.1
8.3
7.45
5.55
6.35
4.55
7.675
6.35
1.36
7.35
3.5
4.55
6.15
8.425
8.4
5.85
5.2
6
4.7
4.7
4.45
7.1
8.595
8.05
8.71
8.6
8.525
8.15
5.05
6.71
8.3
8.85
8.35
7.9
7.8
5.4
7.95
1.225
6.15
3.7
2.55
8.3
8.65
7.3
6.4
7.85
7.795
5.85
2.635
4.85
0.6
0.5
7.84
6.61
1.8
