6.55
8.8
4.8
7.8
7.4
6.2
4.65
6.215
6.1
5.85
3.95
4.35
8.3
8.3
7
6.55
7.45
0.15
6.4
5.15
7.3
6.95
6.85
6.85
7.35
7.975
5.9
7.4
6.85
5.05
4.45
8.1
7.3
8.38
3.3
7.88
1.65
1.215
4.8
7.1
6.2
5.55
5.7
7.65
3.85
3.8
1.05
6.855
8.1
3.93
6.25
6.3
6.35
4.75
1.2
7.995
1.05
6.95
6.85
5.33
7.645
6.6
8.775
8.3
8.2
7.705
4.55
5.6
8.15
0.5
7.75
6.1
2.7
7.05
4.6
5.275
7.6
5.65
3.3
5.35
7.95
8.35
6.4
8
7.875
8.5
5.575
3.35
7.4
7.2
0.85
3.25
1.335
1.1
0.6
7.275
7.65
3.2
7.75
5.65
4.5
6.35
4.2
4.4
6.255
4.15
4.05
5.95
7.1
3.8
0.6
7.725
6.7
5.55
4.4
1.3
7.3
6.6
4.55
1.3
4.5
7.91
1.1
8.3
7.45
5.55
6.35
4.55
7.675
6.35
1.36
7.35
3.5
4.55
4.85
8.425
8.4
7.85
5.85
5.2
6
4.7
4.45
7.1
6.2
8.595
8.05
8.6
8.525
8.15
6.71
8.3
8.35
7.9
7.8
5.4
7.95
7.2
1.225
6.15
3.7
5.1
2.55
8.3
8.65
7.3
6.4
7.85
7.795
5.85
4.85
0.6
7.65
7.84
6.61
1.8
